atlas 1024 1024 em 56 spread 8
font title ascent 39.50 descent 16.75
g 32 0 0 0 0 0.00 0.00 10.94
g 33 0 0 33 61 -9.00 -10.25 15.64
g 34 34 0 45 62 -9.00 -13.75 26.85
g 35 80 0 52 53 -9.00 -4.50 33.96
g 36 133 0 42 64 -9.00 -12.00 24.45
g 37 176 0 58 54 -9.00 -5.50 40.58
g 38 235 0 54 56 -9.00 -7.50 35.27
g 39 290 0 31 62 -9.00 -13.75 13.02
g 40 322 0 41 65 -9.00 -12.25 21.79
g 41 364 0 41 65 -10.75 -12.25 21.38
g 42 406 0 48 58 -9.00 -9.75 30.35
g 43 455 0 43 47 -9.00 1.25 25.51
g 44 499 0 30 35 -9.00 18.50 12.47
g 45 530 0 39 42 -9.00 6.25 21.41
g 46 570 0 30 29 -9.00 19.00 12.41
g 47 601 0 46 61 -9.00 -10.75 28.27
g 48 648 0 53 57 -9.00 -9.00 35.44
g 49 702 0 40 58 -10.00 -9.50 21.74
g 50 743 0 46 59 -9.00 -10.50 28.52
g 51 790 0 47 60 -9.00 -11.25 29.56
g 52 838 0 48 58 -9.00 -10.25 30.19
g 53 887 0 47 58 -9.00 -9.75 29.72
g 54 935 0 50 59 -9.00 -10.00 32.10
g 55 0 66 46 58 -9.00 -9.75 28.33
g 56 47 66 50 58 -9.00 -9.75 31.99
g 57 98 66 49 58 -9.00 -9.50 31.09
g 58 148 66 32 47 -9.00 1.50 13.89
g 59 181 66 31 52 -9.00 1.50 13.84
g 60 213 66 43 53 -9.00 -5.00 25.48
g 61 257 66 40 46 -9.00 2.50 21.88
g 62 298 66 43 53 -9.00 -5.00 25.48
g 63 342 66 49 60 -9.00 -9.50 31.04
g 64 392 66 55 53 -9.00 -5.25 37.21
g 65 448 66 55 57 -10.00 -8.75 35.05
g 66 504 66 51 58 -9.00 -9.50 33.28
g 67 556 66 46 58 -9.00 -9.50 28.82
g 68 603 66 50 57 -9.00 -8.50 32.62
g 69 654 66 45 57 -9.00 -9.00 26.82
g 70 700 66 45 57 -9.00 -9.00 27.29
g 71 746 66 53 59 -9.00 -10.00 35.08
g 72 800 66 53 58 -9.00 -9.00 35.05
g 73 854 66 34 56 -9.00 -8.00 16.65
g 74 889 66 47 58 -9.50 -9.25 28.55
g 75 937 66 54 60 -9.00 -9.75 34.40
g 76 0 127 43 57 -9.00 -9.25 25.32
g 77 44 127 62 59 -9.00 -9.50 44.27
g 78 107 127 57 58 -9.00 -9.50 39.40
g 79 165 127 53 55 -9.00 -6.50 35.71
g 80 219 127 51 58 -9.00 -9.75 33.36
g 81 271 127 56 62 -9.00 -8.50 38.69
g 82 328 127 52 58 -9.00 -9.75 33.93
g 83 381 127 47 59 -9.00 -10.25 29.72
g 84 429 127 48 57 -9.00 -8.75 30.41
g 85 478 127 53 57 -9.00 -7.75 34.89
g 86 532 127 54 57 -10.25 -8.75 34.32
g 87 587 127 68 57 -9.00 -8.75 50.83
g 88 656 127 53 58 -10.25 -9.50 32.95
g 89 710 127 54 57 -9.00 -7.50 33.99
g 90 765 127 45 58 -9.00 -9.50 27.26
g 91 811 127 38 65 -9.00 -12.50 20.48
g 92 850 127 46 61 -9.00 -10.75 28.30
g 93 897 127 38 65 -9.25 -12.50 20.45
g 94 936 127 45 57 -9.00 -9.00 27.18
g 95 982 127 36 30 -9.50 30.50 16.90
g 96 0 193 34 70 -9.00 -21.50 15.86
g 97 35 193 55 57 -10.00 -8.75 35.05
g 98 91 193 51 58 -9.00 -9.50 33.28
g 99 143 193 46 57 -9.00 -8.50 28.71
g 100 190 193 50 56 -9.00 -8.00 32.68
g 101 241 193 50 58 -9.00 -9.25 32.29
g 102 292 193 45 57 -9.00 -8.50 27.32
g 103 338 193 53 58 -9.00 -9.50 35.14
g 104 392 193 53 57 -9.00 -8.50 35.05
g 105 446 193 34 56 -9.00 -8.00 16.49
g 106 481 193 47 58 -9.50 -9.25 28.55
g 107 529 193 53 57 -9.00 -8.75 33.74
g 108 583 193 43 57 -9.00 -9.25 25.27
g 109 627 193 68 57 -9.00 -9.25 50.29
g 110 696 193 54 58 -9.00 -9.50 36.50
g 111 751 193 53 56 -9.00 -8.00 35.71
g 112 805 193 51 57 -9.00 -8.50 33.41
g 113 857 193 56 62 -9.00 -8.50 38.69
g 114 914 193 52 58 -9.00 -9.75 33.93
g 115 967 193 47 58 -9.00 -9.00 29.78
g 116 0 264 48 56 -9.00 -8.25 30.52
g 117 49 264 52 57 -9.00 -8.00 34.23
g 118 102 264 54 57 -10.00 -8.75 34.40
g 119 157 264 69 57 -9.00 -8.75 50.94
g 120 227 264 53 57 -10.25 -8.50 33.30
g 121 281 264 54 56 -10.25 -7.50 33.91
g 122 336 264 45 57 -9.00 -8.50 27.75
g 123 382 264 42 66 -9.25 -12.75 22.97
g 124 425 264 34 64 -9.00 -12.00 16.08
g 125 460 264 42 66 -11.00 -12.75 22.53
g 126 503 264 50 48 -9.00 0.00 32.27
font body ascent 51.75 descent 12.50
g 32 0 0 0 0 0.00 0.00 10.53
g 33 554 264 34 58 -9.00 3.00 16.07
g 34 589 264 43 56 -9.00 4.00 25.76
g 35 633 264 64 56 -9.00 4.25 46.65
g 36 698 264 47 68 -9.00 -1.75 29.73
g 37 746 264 62 58 -9.00 3.25 44.69
g 38 809 264 55 58 -9.00 3.25 37.35
g 39 865 264 34 56 -9.00 4.00 16.86
g 40 900 264 42 61 -9.00 3.75 24.08
g 41 943 264 41 61 -9.00 3.75 23.63
g 42 0 333 49 57 -9.00 3.75 31.19
g 43 50 333 51 51 -9.00 9.00 33.71
g 44 102 333 35 33 -9.00 33.50 17.08
g 45 138 333 47 35 -9.00 25.75 29.40
g 46 186 333 30 29 -9.00 32.50 12.82
g 47 217 333 50 67 -9.00 -1.25 32.09
g 48 268 333 53 58 -9.00 3.25 35.79
g 49 322 333 40 57 -9.00 3.50 22.73
g 50 363 333 47 57 -9.00 3.25 29.40
g 51 411 333 47 58 -9.00 3.25 29.57
g 52 459 333 51 57 -9.00 3.25 33.49
g 53 511 333 47 57 -9.00 3.50 29.34
g 54 559 333 50 58 -9.00 3.25 32.20
g 55 610 333 46 57 -9.00 4.00 28.00
g 56 657 333 50 58 -9.00 3.25 31.92
g 57 708 333 49 58 -9.00 3.25 31.64
g 58 758 333 33 47 -9.00 14.50 15.51
g 59 792 333 33 52 -9.00 14.50 15.51
g 60 826 333 45 53 -9.00 7.00 27.11
g 61 872 333 50 46 -9.00 14.75 32.48
g 62 923 333 43 53 -9.00 7.25 25.20
g 63 967 333 50 58 -9.00 3.25 32.70
g 64 0 401 66 60 -9.00 5.25 48.55
g 65 67 401 54 57 -9.00 3.50 36.68
g 66 122 401 51 57 -9.00 3.75 33.27
g 67 174 401 49 58 -9.00 3.25 31.41
g 68 224 401 52 57 -9.00 3.75 34.50
g 69 277 401 45 57 -9.00 3.50 27.61
g 70 323 401 44 57 -9.00 3.50 26.43
g 71 368 401 52 58 -9.00 3.25 34.78
g 72 421 401 54 57 -9.00 3.50 36.06
g 73 476 401 42 57 -9.00 3.75 24.02
g 74 519 401 43 57 -9.00 3.50 25.87
g 75 563 401 52 57 -9.00 3.25 34.72
g 76 616 401 42 57 -9.00 3.50 24.36
g 77 659 401 68 57 -9.00 3.50 50.79
g 78 728 401 54 57 -9.00 3.50 36.29
g 79 783 401 57 58 -9.00 3.25 38.98
g 80 841 401 50 57 -9.00 3.75 31.92
g 81 892 401 57 67 -9.00 3.25 39.54
g 82 950 401 51 57 -9.00 3.50 33.04
g 83 0 469 47 58 -9.00 3.25 29.73
g 84 48 469 46 57 -9.00 3.50 28.11
g 85 95 469 53 57 -9.00 3.50 35.17
g 86 149 469 55 57 -9.00 3.50 37.02
g 87 205 469 71 57 -9.00 3.25 53.37
g 88 277 469 56 57 -9.00 3.25 38.25
g 89 334 469 54 57 -10.00 3.25 34.44
g 90 389 469 49 57 -9.00 3.50 31.53
g 91 439 469 39 69 -9.00 -1.75 21.56
g 92 479 469 51 67 -9.00 -1.00 32.87
g 93 531 469 39 69 -9.00 -1.75 21.56
g 94 571 469 56 56 -9.00 4.25 38.47
g 95 628 469 53 26 -9.00 42.75 35.62
g 96 682 469 37 57 -9.00 3.00 19.60
g 97 720 469 47 47 -9.00 14.25 28.95
g 98 768 469 47 58 -9.00 3.25 29.12
g 99 816 469 41 47 -9.00 14.25 23.74
g 100 858 469 49 58 -9.00 3.25 31.64
g 101 908 469 45 47 -9.00 14.25 27.21
g 102 954 469 40 57 -9.00 3.25 21.00
g 103 0 539 47 57 -9.00 14.25 28.89
g 104 48 539 46 57 -9.00 3.25 28.05
g 105 95 539 33 57 -9.00 3.25 15.29
g 106 129 539 40 68 -15.75 3.25 15.18
g 107 170 539 47 57 -9.00 3.25 29.73
g 108 218 539 33 57 -9.00 3.50 15.23
g 109 252 539 62 46 -9.00 14.25 44.13
g 110 315 539 48 46 -9.00 14.25 30.86
g 111 364 539 46 47 -9.00 14.00 28.73
g 112 411 539 49 57 -9.00 14.25 31.08
g 113 461 539 46 57 -9.00 14.25 28.62
g 114 508 539 40 46 -9.00 14.25 22.18
g 115 549 539 43 47 -9.00 14.25 25.20
g 116 593 539 38 52 -9.00 8.75 20.61
g 117 632 539 48 46 -9.00 14.50 30.46
g 118 681 539 47 46 -9.00 14.50 29.18
g 119 729 539 60 46 -9.00 14.50 42.11
g 120 790 539 49 46 -9.00 14.50 31.19
g 121 840 539 48 56 -9.00 14.50 30.07
g 122 889 539 43 46 -9.00 14.75 25.43
g 123 933 539 38 77 -9.00 -4.50 20.27
g 124 0 617 53 82 -9.00 -9.00 35.17
g 125 54 617 38 77 -9.00 -4.50 20.27
g 126 93 617 43 39 -9.00 21.75 25.70
